4294967279,114
4294967279,115
4294967278,373
4294967279,119
4294967279,118
4294967279,117
4294967279,116
4294967279,170
4294967278,316
4294967279,310
4294967278,334
4294967279,125
4294967279,124
4294967279,123
4294967279,122
4294967279,121
4294967279,120
4294967279,168
4294967278,333
4294967279,322
4294967278,385
4294967278,165
4294967278,10
4294967278,9
4294967278,8
4294967278,7
4294967278,6
4294967278,5
4294967278,4
4294967279,132
4294967279,131
4294967279,130
4294967279,129
4294967279,128
4294967279,127
4294967279,126
4294967279,571
4294967278,164
4294967279,164
4294967278,307
4294967279,550
4294967278,50
4294967278,49
4294967278,48
4294967278,47
4294967278,45
4294967278,41
4294967278,40
4294967278,39
4294967278,38
4294967278,36
4294967278,33
4294967278,32
4294967278,31
4294967278,290
4294967278,30
4294967278,29
4294967278,300
4294967278,28
4294967278,328
4294967278,27
4294967278,26
4294967278,137
4294967278,25
4294967278,24
4294967278,23
4294967278,22
4294967278,311
4294967278,21
4294967278,20
4294967278,19
4294967278,18
4294967278,17
4294967278,272
4294967278,16
4294967278,15
4294967278,14
4294967278,13
4294967278,12
4294967278,11
4294967278,161
4294967278,46
4294967279,161
4294967278,160
4294967279,160
127,4
4294967278,159
127,3
127,2
127,1
4294967278,295
4294967279,159
4294967294,436
4294967278,158
4294967279,158
4294967278,43
4294967278,155
4294967279,157
4294967279,156
4294967278,44
4294967278,294
4294967278,305
126,6
4294967294,916
4294967294,961
4294967279,152
4294967278,42
4294967278,154
4294967278,306
4294967279,292
4294967279,301
4294967278,153
126,5
4294967278,37
4294967279,151
4294967278,151
4294967279,150
126,4
4294967278,150
126,3
126,2
126,1
4294967278,313
4294967279,149
4294967278,149
4294967279,148
4294967278,34
4294967278,146
4294967279,147
4294967279,515
4294967278,35
4294967278,291
4294967278,330
4294967279,146
125,5
4294967278,145
4294967279,144
4294967278,144
125,4
4294967279,143
125,3
125,2
125,1
4294967278,143
4294967294,409
4294967294,1415
4294967294,399
4294967294,178
4294967294,415
4294967294,467
4294967294,455
4294967294,411
4294967294,112
4294967279,142
4294967279,288
4294967279,139
4294967279,137
4294967279,136
4294967279,135
4294967279,134
124,4
124,3
124,2
124,1
4294967279,133
4294967279,270
4294967279,284
4294967279,266
4294967279,279
4294967279,265
4294967279,278
4294967279,306
122,5
4294967279,264
4294967279,263
122,4
122,3
122,2
122,1
4294967279,262
4294967279,282
4294967279,259
4294967279,304
4294967279,257
4294967279,280
4294967279,274
4294967279,327
4294967279,281
4294967279,326
4294967279,538
4294967279,0
4294967278,390
4294967278,363
4294967278,362
4294967294,114
4294967278,389
4294967278,360
4294967278,256
4294967278,387
4294967278,255
4294967278,356
4294967294,75
4294967294,169
4294967294,174
4294967294,173
4294967294,450
4294967278,63
4294967278,62
4294967278,61
4294967278,60
4294967278,59
4294967278,58
4294967278,57
4294967278,56
4294967278,55
4294967278,54
4294967278,53
4294967278,52
4294967278,51
4294967279,90
4294967279,86
4294967279,85
4294967279,563
4294967279,82
4294967279,81
4294967279,554
4294967279,80
4294967279,79
4294967279,561
4294967279,521
4294967279,77
4294967279,560
4294967279,75
4294967279,74
4294967279,512
4294967279,72
4294967279,558
4294967279,71
4294967279,319
4294967279,70
4294967279,68
4294967279,67
4294967279,66
4294967279,61
4294967279,60
4294967279,59
4294967279,58
4294967279,57
4294967279,55
4294967279,54
4294967279,52
4294967279,51
4294967279,50
4294967279,47
4294967279,44
4294967279,43
4294967279,42
4294967279,41
4294967279,40
4294967279,39
4294967279,38
4294967279,37
4294967279,36
4294967279,32
4294967279,31
4294967279,30
4294967279,29
4294967279,28
4294967279,26
4294967279,25
4294967279,24
4294967279,22
4294967279,21
4294967279,19
4294967279,18
4294967279,17
4294967279,15
4294967279,11
4294967279,10
4294967294,942
4294967294,941
4294967294,939
4294967294,938
4294967294,933
4294967294,922
4294967294,128
4294967294,830
4294967294,829
4294967294,828
4294967294,827
4294967294,60
4294967278,254
4294967278,383
4294967278,252
4294967278,250
4294967278,248
121,4
121,3
121,2
121,1
4294967278,246
4294967278,244
4294967278,242
4294967278,243
4294967278,240
120,6
4294967278,236
4294967278,380
4294967278,386
120,5
4294967278,234
4294967278,232
120,4
120,3
120,2
120,1
4294967278,230
4294967278,228
4294967278,226
4294967278,227
4294967278,224
119,5
4294967278,220
119,4
4294967278,218
119,3
119,2
119,1
4294967278,217
4294967278,216
4294967278,215
4294967294,395
